=== conv1.weight (40, 3, 3, 3) ===
[[[[-0.0967596   0.04070499 -0.16949458]
   [ 0.18171349 -0.09599395 -0.02913105]
   [ 0.03539082  0.20729093  0.06403279]]

  [[ 0.01693663 -0.04315627  0.10873618]
   [ 0.12702377 -0.02602596  0.23191701]
   [-0.02663054 -0.14825276  0.13471013]]

  [[-0.07359911  0.1518465  -0.02939712]
   [-0.02134145 -0.15576503 -0.12835278]
   [ 0.14760248 -0.06438771  0.01906805]]]


 [[[ 0.00803334 -0.00818258 -0.08602127]
   [ 0.09205465 -0.06309886  0.01557456]
   [ 0.17810842 -0.08587365 -0.04822412]]

  [[-0.14890295  0.1755454  -0.0269803 ]
   [ 0.02417342  0.24701615 -0.18825623]
   [ 0.01509604  0.11036547  0.0713303 ]]

  [[ 0.00948352 -0.11836179  0.15835235]
   [-0.07042705  0.07676508 -0.01265118]
   [-0.15865578 -0.14420784  0.03957397]]]


 [[[-0.08042695 -0.11825257  0.19192946]
   [-0.08064239 -0.07529245 -0.13791661]
   [ 0.17402795 -0.07260834  0.04044418]]

  [[ 0.00107433  0.13850062  0.12616439]
   [ 0.01071736  0.07558919  0.16100521]
   [ 0.05814685  0.19932796 -0.00559879]]

  [[-0.08186617 -0.02714113  0.11157957]
   [-0.08606052  0.06888098  0.05646405]
   [-0.04170441 -0.1614934  -0.17058393]]]


 ...


 [[[-0.0471839  -0.01172632  0.02956437]
   [ 0.18766306  0.14487869  0.03103489]
   [ 0.08114039 -0.00860567 -0.13741283]]

  [[-0.12997513  0.02303544  0.12399913]
   [ 0.16646808 -0.14984056  0.03991363]
   [-0.11721749  0.10358042  0.09061928]]

  [[-0.04132863  0.16903472  0.01999349]
   [ 0.12579797  0.13257055  0.09479365]
   [-0.04564857  0.07384799 -0.06422865]]]


 [[[-0.03066372 -0.01825739  0.21345721]
   [-0.00064221  0.31418285 -0.13293388]
   [ 0.0381831  -0.0154746   0.01495717]]

  [[-0.07565628 -0.03432694 -0.12533766]
   [-0.01843897 -0.04401995  0.02224778]
   [ 0.12869231 -0.13424708  0.16399683]]

  [[-0.1821774  -0.0045123  -0.02751101]
   [ 0.22610141  0.26637208  0.00807679]
   [ 0.16663824 -0.01333451 -0.10094356]]]


 [[[-0.16501015  0.01983247 -0.00094649]
   [ 0.13202964  0.06784765  0.16485894]
   [-0.06100471 -0.12614131  0.15430526]]

  [[-0.12957105  0.0426      0.00713379]
   [-0.05221301 -0.00189962  0.02746991]
   [ 0.09060099  0.09335535  0.13701446]]

  [[-0.04891309 -0.14293641  0.12920362]
   [-0.07871255 -0.14374356  0.16386339]
   [-0.18590677  0.17650786  0.12517479]]]]

=== conv1.bias (40,) ===
[ 0.09755018  0.14355227  0.19526659 -0.00603173  0.07525156  0.05308539
  0.05796729  0.05591556  0.0427262   0.06686445 -0.05300874  0.06171031
  0.10858043  0.06028827  0.01759943  0.02724252  0.00738524 -0.01572159
 -0.02569772  0.02248469  0.06204091  0.02015325  0.04672622 -0.02784789
  0.0064519   0.19514576  0.10823357  0.05312081  0.00031101 -0.01325298
  0.0124598   0.0168942   0.04213161 -0.00341218  0.02119007  0.03813443
  0.00273034 -0.02320172  0.07977727  0.05567899]

=== conv2.weight (28, 40, 5, 5) ===
[[[[-6.77281385e-03  8.54273327e-03 -2.67594978e-02  3.34447133e-03
    -3.97808664e-03]
   [ 2.87694037e-02 -5.14858477e-02 -4.00295667e-02 -3.41499038e-02
     7.03236926e-03]
   [ 1.94306318e-02  2.39027031e-02  1.62696224e-02 -1.99783649e-02
     1.68819390e-02]
   [-2.43546627e-02  5.70230710e-04 -1.44752236e-02  5.49814627e-02
     1.30249923e-02]
   [-4.51311748e-03 -4.31820663e-04  9.87410545e-03  1.59629472e-02
    -2.48184446e-02]]

  [[ 1.21845594e-02  3.75411995e-02  6.90931361e-03  4.77876663e-02
    -4.18994762e-03]
   [ 9.73073021e-03  3.60723063e-02  7.39851892e-02 -7.24894833e-03
     7.73714250e-03]
   [-1.58232618e-02  8.40788707e-02  5.12595735e-02  5.01853414e-02
     1.29133686e-02]
   [-3.03331465e-02  3.51636820e-02  5.20800203e-02  1.56096546e-02
     1.61883626e-02]
   [-2.03688275e-02  4.82294057e-03 -1.63982995e-02 -1.17868278e-02
    -1.93470605e-02]]

  [[-2.27670837e-03 -1.24435099e-02  2.82135177e-02  1.12434123e-02
    -2.00112555e-02]
   [-1.60077102e-02 -1.92180444e-02  3.12301405e-02 -3.66975330e-02
     2.55440653e-04]
   [ 1.05254287e-02 -1.32558513e-02  2.58936901e-02  3.07846740e-02
     2.79481113e-02]
   [ 1.91425271e-02 -2.02097502e-02  2.00998988e-02  1.09271165e-02
     4.17328527e-04]
   [ 1.65846583e-03 -1.25872996e-02 -8.71531293e-03 -3.69520718e-03
    -3.52879148e-03]]

  ...

  [[ 3.50191183e-02  2.81895325e-02  3.57539356e-02 -1.59136429e-02
     1.04052303e-02]
   [ 3.96311805e-02  4.60786792e-03  1.10673355e-02  5.94623713e-03
    -1.92658789e-02]
   [-2.14423165e-02 -2.56821085e-02  1.02724219e-02 -1.99519582e-02
    -2.08795890e-02]
   [-1.78591516e-02  2.93027721e-02  3.26418802e-02 -1.75863353e-03
    -2.08850508e-03]
   [ 2.56769247e-02  7.97540322e-03 -2.20737532e-02  1.78324357e-02
    -7.90549070e-03]]

  [[ 7.04342350e-02 -6.70315232e-03  2.13047825e-02  9.84330568e-03
     2.65618451e-02]
   [-3.62260230e-02  7.62751466e-03  2.79043932e-02 -7.79824406e-02
     2.86932532e-02]
   [ 4.23241332e-02  5.10167852e-02 -7.87648410e-02  6.04344718e-02
     3.12108528e-02]
   [ 8.21505440e-04 -4.30868380e-02 -2.19536800e-04  1.84888858e-02
    -3.74117121e-02]
   [ 4.79049608e-02  4.14092056e-02 -1.53453536e-02 -3.58502530e-02
     2.54806653e-02]]

  [[ 1.07150450e-02 -4.74736188e-03 -4.89304448e-03  1.66913774e-02
     6.53362309e-04]
   [-1.85697600e-02 -4.83275913e-02  2.72164457e-02  4.59211841e-02
     2.96186022e-02]
   [-1.86823402e-02  8.49357340e-03 -2.85115535e-03  1.26963353e-03
    -2.47723423e-03]
   [ 1.53282555e-02 -3.94048914e-03 -2.23635300e-03 -2.14601234e-02
     1.55390324e-02]
   [-1.34942094e-02  1.22944098e-02  1.38728917e-02  1.02545563e-02
     3.52661721e-02]]]


 [[[ 1.73882325e-03  4.60573845e-02  5.73144890e-02  4.15659510e-04
    -2.71072276e-02]
   [-1.20777534e-02 -3.90121825e-02  9.08320993e-02  4.41194400e-02
     6.26331102e-03]
   [ 2.67972611e-03 -1.81368738e-02 -1.84119884e-02 -8.78252760e-02
     2.20046658e-02]
   [ 4.98630814e-02  3.31913047e-02  4.73003574e-02  6.66471105e-03
    -2.22587329e-03]
   [-1.10210164e-03 -2.26089731e-02  1.45669784e-02  1.39882630e-02
    -4.94769402e-03]]

  [[-3.62502374e-02 -5.62234148e-02 -2.14832705e-02  4.25490290e-02
    -2.23364793e-02]
   [ 3.06017930e-03  4.32065775e-04 -8.07654485e-02  2.53054556e-02
     3.27835232e-03]
   [-4.05264571e-02  8.08309540e-02 -6.70279488e-02  9.49118566e-03
    -5.37380613e-02]
   [-1.43657979e-02  2.66558789e-02 -8.37846100e-02  6.19707145e-02
     5.15450723e-03]
   [-1.50403539e-02 -3.32489773e-03  2.08586119e-02  8.49583186e-03
    -2.32660286e-02]]

  [[ 1.51305995e-03 -8.78865924e-03  2.42280099e-03 -7.14440038e-03
     2.80389171e-02]
   [ 3.15720774e-02  1.25415329e-06  7.23321410e-03  3.44507881e-02
     1.63282547e-02]
   [ 3.84407118e-02  1.92000829e-02 -4.82466966e-02 -3.49537358e-02
     1.87659021e-02]
   [-1.18317315e-02 -1.92631297e-02  3.08857393e-03 -4.29539802e-03
     2.54174042e-02]
   [-3.55288992e-03  1.41862854e-02 -1.31016681e-02 -1.14147691e-02
     1.51580963e-02]]

  ...

  [[ 1.83747150e-02 -9.28069872e-04 -3.36048543e-03  4.73995134e-03
    -4.48409561e-03]
   [-7.44169904e-03 -6.69256318e-03 -5.94787160e-03  3.59364739e-03
     1.06798734e-05]
   [ 1.30008096e-02 -7.62293069e-03  1.46005228e-02 -1.72747280e-02
     8.17465410e-03]
   [-3.74584571e-02 -1.02703422e-02  1.48183145e-02 -2.76212697e-03
    -9.19930451e-03]
   [-1.43585196e-02 -1.61395073e-02  5.73108438e-03  3.26338748e-04
     2.53380798e-02]]

  [[-1.37267765e-02 -5.33859851e-03  2.88580125e-03 -2.36925832e-03
     1.11519955e-02]
   [-2.74158586e-02 -5.25361821e-02  1.04606219e-01 -4.27838974e-02
    -3.90689448e-02]
   [ 1.00221382e-02  2.86937002e-02  1.05942838e-01  6.33897781e-02
     3.56619656e-02]
   [-2.07838695e-02  2.76023056e-02 -2.93615982e-02 -7.12732133e-03
     1.75072241e-03]
   [ 3.02624535e-02  1.27052665e-02  3.38418111e-02 -1.82617698e-02
     1.89405829e-02]]

  [[-6.12352218e-04 -5.57459630e-02  3.32357027e-02  3.29726711e-02
     2.21430119e-02]
   [-1.99058782e-02  4.77927327e-02 -9.98172536e-03  2.06208732e-02
     4.91094822e-03]
   [-2.03951932e-02  6.30300900e-04 -1.83398053e-02  3.06693614e-02
    -3.47951427e-02]
   [ 1.73008686e-03  7.60993641e-03  2.16595531e-02  1.88871808e-02
     6.46780338e-03]
   [ 1.34246582e-02 -1.10745169e-02  3.87866888e-03  2.01829504e-02
     2.66700424e-03]]]


 [[[-2.26687267e-02 -6.13255613e-03 -4.51006815e-02 -4.74890955e-02
    -1.35526061e-02]
   [-1.71322580e-02  2.10309364e-02 -1.24558590e-01 -1.36264145e-01
     4.19948669e-03]
   [ 6.57804427e-04 -4.31991331e-02 -1.35352433e-01 -2.55455166e-01
     2.35663414e-01]
   [-6.03042282e-02 -7.80872852e-02 -7.39953592e-02 -8.40289220e-02
    -7.00483993e-02]
   [-5.56985382e-03 -5.26453257e-02  5.09366132e-02  1.06168836e-01
     2.74233017e-02]]

  [[ 1.06452284e-02  6.49190322e-03  8.95328727e-03  3.33465785e-02
     1.42097045e-02]
   [-2.71060597e-02  3.00521087e-02 -2.68115383e-03  2.81620101e-04
    -2.76070554e-02]
   [-4.86456640e-02 -8.18792880e-02  5.27339838e-02  6.04152642e-02
    -2.63755638e-02]
   [ 5.82655845e-03 -6.03256598e-02 -1.20070964e-01  8.07302147e-02
    -1.13057479e-01]
   [ 4.89731766e-02  6.45465702e-02 -5.19905351e-02  4.11531478e-02
    -8.75717215e-03]]

  [[-7.79530359e-03 -1.13350367e-02 -3.39304358e-02  4.43741418e-02
    -1.33773657e-02]
   [ 2.10442953e-02 -7.61477184e-03 -1.30463159e-02 -2.55116844e-04
    -1.43874669e-02]
   [ 1.49766356e-02  4.10599401e-03  6.79863617e-02  7.25750551e-02
    -3.48911202e-03]
   [-3.34343761e-02 -2.82448158e-02 -9.02251154e-02  1.22549467e-01
    -7.88546577e-02]
   [ 4.72050812e-03  7.52291363e-03 -4.36673090e-02  4.56054136e-02
    -1.24101833e-01]]

  ...

  [[ 1.76029745e-03  1.17889764e-02  1.32343220e-02  1.17057674e-02
    -5.10338061e-02]
   [-2.32808106e-02 -1.39375003e-02  8.04083645e-02  2.75089722e-02
    -5.65390997e-02]
   [-9.47850116e-04 -3.43977503e-04  7.65767470e-02 -3.66736837e-02
    -6.92351237e-02]
   [ 1.27984760e-02  7.40839681e-03  9.97169968e-03 -9.30873305e-03
    -1.15050047e-04]
   [ 2.52781082e-02 -1.01081899e-03  5.91978151e-03  1.89133119e-02
     3.21171246e-03]]

  [[ 2.10552271e-02 -2.95219565e-04  3.34191173e-02 -1.02551296e-01
     9.85738635e-03]
   [ 2.47385614e-02  1.49944015e-02  8.66445005e-02 -1.48444965e-01
     3.56818810e-02]
   [ 4.69916724e-02  3.35683934e-02  2.24234164e-01 -1.86922356e-01
     1.62825976e-02]
   [ 1.77185740e-02 -5.66227268e-03  6.60734400e-02  1.72017649e-01
     1.92120582e-01]
   [ 3.36810127e-02  3.34072635e-02  3.56804468e-02 -5.50171873e-03
     7.39361942e-02]]

  [[-1.06438659e-02 -1.41319875e-02  8.97809211e-03 -1.58341751e-02
     1.79530471e-04]
   [-9.03535448e-03  2.55929325e-02  9.64035746e-03 -8.62182118e-03
     2.92037968e-02]
   [-1.55807538e-02  2.17640586e-03 -2.76916977e-02 -6.31562527e-03
     9.54010040e-02]
   [-2.39220057e-02  1.84350014e-02 -2.73421053e-02  3.62784863e-02
     3.20905186e-02]
   [ 1.98010840e-02  5.14302682e-03 -4.93201539e-02  1.35950506e-01
    -3.53178866e-02]]]


 ...


 [[[ 4.13805284e-02 -2.71711141e-01 -2.76801866e-02 -2.43512616e-02
     1.40059246e-02]
   [ 5.76478094e-02 -3.24435622e-01 -3.61852720e-02 -2.35902090e-02
     3.80344782e-03]
   [-4.30862606e-02 -2.38639742e-01 -1.04915425e-01 -7.00479001e-02
    -1.81193277e-02]
   [ 5.83899068e-03 -8.68562311e-02 -4.79016528e-02 -1.43775931e-02
    -2.73208618e-02]
   [-3.09367552e-02 -9.72897857e-02 -4.88302633e-02 -4.55075204e-02
    -1.24702994e-02]]

  [[ 4.52479273e-02 -3.17786857e-02  6.24139607e-02 -1.60139264e-03
     4.14333753e-02]
   [-7.87894353e-02 -3.74146248e-03  9.96568128e-02  2.09908979e-03
     3.63176018e-02]
   [ 3.71365175e-02  8.32595676e-02  1.26584440e-01 -6.12306409e-02
    -2.91546923e-03]
   [ 1.59424953e-02 -2.21547484e-02  1.13159977e-02  1.64211541e-02
     3.66476690e-03]
   [-4.16444149e-04 -2.80550346e-02  6.78940117e-02  2.16525439e-02
     3.67494933e-02]]

  [[-4.33541387e-02 -6.62249625e-02  2.93450486e-02  2.27689110e-02
     5.81019074e-02]
   [-8.12929124e-02 -4.24712971e-02  6.82242438e-02  3.69608961e-02
     2.99308989e-02]
   [-3.22758704e-02  4.98448908e-02  6.68003261e-02  3.25192995e-02
     4.03741859e-02]
   [-6.74921870e-02 -2.23700386e-02  2.19942965e-02  1.37349339e-02
    -2.50653289e-02]
   [ 1.65685657e-02 -3.39616314e-02  1.90687366e-02  2.46400367e-02
     1.34885609e-02]]

  ...

  [[-3.08020357e-02 -2.75628511e-02  9.77465510e-03 -2.54629683e-02
     6.60707196e-03]
   [ 2.26478819e-02 -2.34168358e-02 -5.60753746e-03 -1.81463342e-02
    -4.38466817e-02]
   [-5.68048954e-02  2.77166348e-02  6.67143539e-02  3.35411392e-02
     6.15327479e-03]
   [-2.14166772e-02  3.87905315e-02 -2.69472618e-02  1.56875700e-02
     8.90799332e-03]
   [-1.49030210e-02 -4.07965900e-03 -3.24035250e-03 -3.66381556e-02
    -2.52603069e-02]]

  [[ 1.35449250e-03  6.60496671e-03  7.48908753e-03 -4.58892109e-03
     2.54781153e-02]
   [-3.38578410e-02 -3.10871657e-02 -2.27879733e-02 -6.39178902e-02
    -2.62339599e-02]
   [ 4.10579219e-02  1.08830810e-01  1.52791023e-01  3.33328396e-02
     2.23395620e-02]
   [ 3.50429825e-02 -4.32988331e-02 -1.10544749e-01 -2.25299131e-02
     6.27290690e-03]
   [-1.55657675e-04 -6.58658566e-03 -2.96927653e-02 -1.99004766e-02
     1.57355331e-02]]

  [[ 1.05121180e-01 -5.24697118e-02 -3.46029401e-02 -1.36213657e-02
    -1.65722016e-02]
   [-4.58602346e-02 -9.64870527e-02 -5.65768480e-02 -7.90361594e-03
     1.91839356e-02]
   [-4.09472324e-02 -5.03347926e-02 -1.14364304e-01 -2.48777326e-02
    -2.50015929e-02]
   [-1.13491397e-02 -5.97273000e-02 -1.94325093e-02  3.53183486e-02
     2.82830670e-02]
   [-4.10063230e-02 -4.26684693e-02  3.03950976e-03 -9.94225591e-03
    -1.51169803e-02]]]


 [[[-2.81160586e-02 -1.31415967e-02  1.69530828e-02 -8.51100124e-03
    -1.37842167e-02]
   [ 9.15920921e-03  1.62191913e-02 -1.12621635e-02  2.41075940e-02
    -2.82743853e-02]
   [ 1.26200495e-02  1.16002383e-02  3.33499280e-03 -6.59501320e-03
    -7.05648912e-03]
   [-3.52472886e-02 -8.39924160e-03 -1.81731321e-02 -6.45764126e-03
     1.38856156e-03]
   [-2.80266516e-02  1.92329884e-02 -2.07622424e-02 -3.15890089e-02
    -1.31369401e-02]]

  [[ 1.82569511e-02  7.55521841e-03  5.02943946e-03  9.59321205e-03
    -8.90123006e-03]
   [-3.49269100e-02  2.25690287e-02 -7.71168340e-03 -3.11019178e-02
    -1.62694845e-02]
   [-2.38598604e-02  2.24814843e-02 -2.84278253e-03  1.85326263e-02
    -2.82669365e-02]
   [ 8.33404716e-03 -3.17938998e-02 -2.47558057e-02 -3.10274120e-02
    -4.00217762e-03]
   [ 1.51979830e-02  2.77994052e-02  5.94261289e-03 -1.11112874e-02
    -3.45432013e-02]]

  [[-1.42321894e-02  3.87679646e-03 -3.12025025e-02 -1.75528638e-02
    -1.79609327e-04]
   [-3.35261822e-02  1.41362613e-02  4.17866511e-03  2.62440760e-02
     9.01019573e-03]
   [ 6.34448370e-03  1.85363516e-02 -1.13236317e-02 -5.71629917e-03
    -2.38712691e-03]
   [ 2.81346850e-02 -3.31685506e-02  2.17012572e-03 -2.71772742e-02
    -3.44910473e-02]
   [-2.05461737e-02 -2.85370238e-02 -2.97756977e-02 -2.69144052e-03
     1.96800306e-02]]

  ...

  [[-3.03736143e-02 -1.82755794e-02  1.61670353e-02 -2.41355356e-02
    -3.17640975e-02]
   [ 9.54943895e-03 -1.24071236e-03 -1.02721555e-02  1.45628126e-02
    -1.47881964e-02]
   [ 1.58615578e-02 -4.53909207e-03 -2.39585824e-02 -1.94658246e-02
     3.48330755e-03]
   [-2.17960235e-02 -1.88623201e-02 -2.29136255e-02  2.32228264e-02
     8.04905873e-03]
   [-3.03792022e-02  2.69910060e-02  2.69165002e-02 -3.29115018e-02
    -1.67761296e-02]]

  [[-3.85258207e-03  1.57296576e-03  2.69686561e-02  1.74783561e-02
    -2.54676357e-04]
   [ 2.38572969e-03 -2.03356892e-02  5.07507473e-03 -2.78664622e-02
    -2.85388865e-02]
   [ 1.28182190e-04  2.79540084e-02  1.50536261e-02 -4.38495632e-03
    -9.50659811e-03]
   [-3.10565159e-03 -1.05496924e-02 -2.16041692e-02 -1.31568476e-03
    -1.15834735e-02]
   [ 1.24132922e-02  7.61203002e-03 -1.43420873e-02 -1.37888743e-02
    -2.66184714e-02]]

  [[ 9.60345566e-03 -2.65849456e-02 -3.33920717e-02 -2.11962443e-02
    -1.02069620e-02]
   [-4.71418304e-03 -2.13098675e-02 -1.40427798e-03 -1.17213121e-02
    -4.65038652e-03]
   [-3.07647735e-02 -1.55435074e-02 -1.48402352e-03  5.76007133e-03
    -3.42228226e-02]
   [ 4.70486935e-03 -2.91200392e-02  1.47379031e-02 -7.47838384e-03
    -3.17992549e-03]
   [-1.81600936e-02 -2.56964527e-02  5.74051309e-03 -3.46884876e-02
    -1.33762928e-02]]]


 [[[-2.61361208e-02 -3.45054418e-02 -9.81674530e-03 -4.40390185e-02
     1.92207322e-02]
   [-4.91117500e-02 -1.59049463e-02 -5.02897846e-03 -7.04789534e-02
     1.97815504e-02]
   [ 1.67141203e-02  9.82173309e-02  3.75824468e-03 -1.30335437e-02
     1.91325676e-02]
   [-2.51939874e-02 -7.11188884e-03 -1.33980401e-02  1.97962876e-02
    -1.73904821e-02]
   [-1.40815042e-02 -5.36408871e-02 -1.29995747e-02 -1.21154990e-02
     1.28539011e-03]]

  [[ 2.87142918e-02  1.32213430e-02  5.15185483e-02 -2.21172143e-02
     7.97971990e-03]
   [ 2.28952933e-02  3.32058854e-02  9.89270285e-02  1.01670083e-02
     1.82607528e-02]
   [ 1.38411662e-02  5.00164181e-02  3.73547189e-02  8.39322135e-02
     3.93914394e-02]
   [-4.07271534e-02  4.02422175e-02  5.92180938e-02  3.95868527e-04
    -7.81946070e-03]
   [-2.63211336e-02  4.57273703e-03  1.72637440e-02  5.76272281e-03
    -3.26678269e-02]]

  [[-2.35484987e-02  1.09802233e-02  2.12345243e-04 -3.38876694e-02
    -2.02552974e-02]
   [ 2.62344852e-02  6.42932132e-02  7.22360089e-02  2.33849473e-02
    -4.08446038e-04]
   [ 4.34633344e-02  5.12373075e-02  1.25804618e-01  7.56871477e-02
     1.12503916e-02]
   [ 1.49551015e-02 -1.38005400e-02  7.64286816e-02  4.78809839e-03
     2.55481736e-03]
   [ 6.78290892e-03 -1.35805225e-02  2.78625600e-02  2.32934169e-02
    -3.22441541e-04]]

  ...

  [[-5.12139779e-03  3.57930288e-02 -1.95257377e-03 -2.33427305e-02
     1.62578151e-02]
   [-1.13825519e-02  8.13392363e-03 -2.81825215e-02 -2.40075905e-02
     1.77086238e-02]
   [ 3.64912227e-02 -2.26815008e-02 -2.81302016e-02 -1.56052448e-02
    -1.06789200e-02]
   [ 1.97927393e-02  1.03405537e-02 -2.99676172e-02  3.27285603e-02
     6.12503896e-03]
   [ 2.44049150e-02  2.62778923e-02 -2.63770614e-02 -3.55303027e-02
     9.61285736e-03]]

  [[ 1.48916915e-02  4.19092849e-02 -9.17132758e-03 -1.92384515e-02
    -2.10559797e-02]
   [ 3.18752676e-02  4.00105380e-02 -6.10288046e-02 -4.66277041e-02
     8.78654644e-02]
   [ 5.74385263e-02 -3.10435984e-02 -1.05002910e-01  9.61341113e-02
     5.14045432e-02]
   [-1.22062527e-02 -3.71935368e-02  3.77969593e-02 -6.96982741e-02
    -5.89885376e-02]
   [ 8.40342836e-04  1.99056920e-02 -4.04001065e-02 -2.49529351e-02
     2.73868982e-02]]

  [[-2.65884516e-03  1.70187689e-02  1.20658567e-03  1.51851568e-02
     1.30717992e-03]
   [-2.42249202e-03 -2.05349531e-02  2.84293760e-02 -1.18683772e-02
    -1.30613036e-02]
   [ 1.09757818e-02  6.26271823e-04  3.16948779e-02 -8.94238066e-04
     1.58549678e-02]
   [-3.15380236e-03  3.52438539e-02  4.02218141e-02 -2.13256404e-02
     2.86606643e-02]
   [-9.67928115e-03  1.69620197e-02 -1.50283147e-02  1.43838115e-02
    -1.36781689e-02]]]]

=== conv2.bias (28,) ===
[ 0.00737041 -0.01648792 -0.0111072  -0.00708243  0.00127481 -0.02088412
 -0.0529736  -0.00788701  0.01533729  0.03544076  0.00132929  0.02388146
  0.01550031  0.04559428 -0.03243093 -0.00318551 -0.00548081 -0.02432919
 -0.01325197  0.01835537  0.0029229   0.0184835  -0.02074548  0.01653597
  0.00504666 -0.06283719 -0.03023019 -0.00693859]

=== conv3.weight (12, 28, 3, 3) ===
[[[[-9.48369876e-03  5.46825379e-02  2.91457456e-02]
   [-8.06063265e-02 -7.16646463e-02  4.78267632e-02]
   [-1.22687398e-02  7.00625181e-02 -2.79291682e-02]]

  [[ 6.43899618e-03 -1.28399804e-02 -3.61048691e-02]
   [ 5.31192422e-02  4.64378893e-02 -5.05240560e-02]
   [-1.68863386e-02  3.58387195e-02 -9.18124523e-03]]

  [[-6.20425567e-02  3.22265029e-02 -2.17022225e-02]
   [-8.62071514e-02 -3.85936238e-02 -5.55692893e-03]
   [-4.14628349e-02  1.14470217e-02  7.67414831e-03]]

  ...

  [[ 1.51454424e-03  4.96298121e-03  1.25945511e-03]
   [-2.09562257e-02 -1.12768069e-01 -3.11661605e-02]
   [ 5.80959022e-03 -4.80221957e-02  2.62183100e-02]]

  [[ 2.85651954e-03 -9.26631317e-03  2.41646380e-03]
   [ 1.57144070e-02 -2.37723161e-02 -3.57762836e-02]
   [-1.12202531e-02  2.48731524e-02  2.72741336e-02]]

  [[ 5.16286269e-02  3.83260995e-02 -6.27528280e-02]
   [ 2.24627256e-02 -7.34590739e-02 -4.99188453e-02]
   [-1.75600145e-02 -3.33835222e-02  5.49496934e-02]]]


 [[[-3.64963114e-02 -5.37696667e-02 -3.36817130e-02]
   [-1.14715816e-02 -5.98358400e-02 -3.10698040e-02]
   [-4.55739237e-02  4.03121524e-02  2.88226688e-03]]

  [[ 2.76099634e-03 -1.96334887e-02 -4.62713875e-02]
   [-4.04458195e-02  4.37643193e-02  2.93331575e-02]
   [-4.64831963e-02  1.96112897e-02  5.66576384e-02]]

  [[-1.89302593e-01  9.00204554e-02 -1.67452116e-02]
   [-1.94730088e-01  1.52960960e-02 -7.41681596e-03]
   [-4.12393324e-02 -1.93269867e-02  1.48523087e-02]]

  ...

  [[-1.09133376e-02  2.08752938e-02 -2.28903666e-02]
   [-1.86852794e-02 -1.08638503e-01 -6.78158924e-02]
   [-1.92624459e-03  2.20552795e-02 -9.45075527e-02]]

  [[-4.43892665e-02 -5.62954471e-02  4.55031432e-02]
   [-4.69224975e-02  1.67481899e-02 -1.89322862e-03]
   [ 1.29441535e-02  2.06206795e-02 -1.69027913e-02]]

  [[-7.97311682e-03  4.67064269e-02 -1.84135363e-02]
   [ 4.91173342e-02 -3.84185575e-02 -2.38117613e-02]
   [ 1.05581069e-02 -6.19877689e-02 -6.30884944e-03]]]


 [[[ 4.46702950e-02  4.68224026e-02 -7.27482885e-03]
   [ 1.79160703e-02  1.04792789e-02  4.05957364e-02]
   [-1.79679506e-02 -6.01892285e-02  2.38844845e-02]]

  [[-9.81131010e-03  3.77473496e-02  3.02037075e-02]
   [ 3.01171672e-02 -1.72882527e-03 -6.86591864e-02]
   [-1.98942591e-02  3.82326953e-02  3.22214663e-02]]

  [[ 4.35695834e-02 -1.13598900e-02  1.53763061e-02]
   [-2.49856561e-01 -1.28444619e-02 -6.48685023e-02]
   [-8.26397166e-03  3.45209539e-02  1.91763584e-02]]

  ...

  [[-2.43978184e-02  1.78571399e-02 -5.98936155e-03]
   [-1.31380111e-02 -8.41632485e-02 -1.70006249e-02]
   [ 9.82012693e-03 -8.17092136e-02 -7.51119107e-02]]

  [[ 2.29376066e-03  1.42349834e-02 -2.46533584e-02]
   [ 1.80557836e-02  4.72503304e-02  1.20556606e-02]
   [-3.41781154e-02 -1.60832163e-02 -3.32765840e-02]]

  [[ 3.55997719e-02  5.10669090e-02 -1.62844211e-02]
   [-2.70710047e-02 -3.40741314e-02 -9.36896950e-02]
   [-2.70311181e-02 -3.59325744e-02  2.65427139e-02]]]


 ...


 [[[-4.10029367e-02  5.00406064e-02  2.92283925e-03]
   [ 4.00331281e-02 -4.03631516e-02 -3.81194651e-02]
   [-4.60115336e-02  6.64743856e-02  2.18838397e-02]]

  [[ 2.09401883e-02  1.24146827e-02 -3.19301002e-02]
   [-6.51499555e-02  9.27866995e-02  7.97759444e-02]
   [-9.14392844e-02 -6.66685253e-02 -1.37421628e-02]]

  [[ 3.42709363e-01  2.25338474e-01  8.80477857e-03]
   [ 5.90305738e-02  2.44307682e-01 -1.15402285e-02]
   [-1.45292794e-02 -9.02943872e-03 -7.36399973e-03]]

  ...

  [[-7.08580390e-03  2.02502590e-02  3.51347751e-03]
   [ 1.78785045e-02  1.44444212e-01  4.92878914e-01]
   [-2.26340033e-02 -4.77743484e-02 -1.43018454e-01]]

  [[-1.81321520e-02  1.84730217e-02  5.76589219e-02]
   [-5.20113073e-02 -2.41597500e-02  2.57616471e-02]
   [-4.52796221e-02 -5.59899695e-02  5.14376052e-02]]

  [[ 1.96622126e-03  1.11439023e-02 -5.68995178e-02]
   [ 5.41977175e-02 -3.30766961e-02 -3.77653446e-03]
   [ 1.37415202e-02  3.32540576e-03 -4.90719043e-02]]]


 [[[ 5.06397597e-02  3.96707188e-03  1.39957266e-02]
   [ 3.44425663e-02 -2.99406163e-02  3.01467087e-02]
   [-3.97153981e-02  5.35490066e-02 -1.63831990e-02]]

  [[-1.90867428e-02 -1.22773731e-02 -2.85962913e-02]
   [ 2.41893157e-02  3.60437036e-02  1.99452028e-04]
   [ 1.61116794e-02  1.19226985e-02  3.20713520e-02]]

  [[ 5.80878444e-02  3.35223861e-02  1.63283274e-02]
   [ 2.16235414e-01  1.96495146e-01 -3.10081597e-02]
   [ 1.59639083e-02  3.41635309e-02 -3.12758656e-03]]

  ...

  [[-1.12163974e-03  1.40367178e-02  6.75427020e-02]
   [ 7.96230324e-03  1.01691857e-01  3.42679411e-01]
   [ 2.90036108e-02 -4.40381169e-02  2.34595001e-01]]

  [[-8.32473394e-03  5.31736165e-02 -1.74317900e-02]
   [ 2.47613937e-02 -5.42129837e-02  6.44669831e-02]
   [-2.75889225e-02  1.24393702e-02  5.18362187e-02]]

  [[-4.29461226e-02  2.17373054e-02  1.43147185e-02]
   [ 1.31889274e-02 -5.11498787e-02 -1.08933814e-01]
   [ 4.52034473e-02 -5.87176494e-02 -1.47613930e-02]]]


 [[[-1.60490982e-02  1.33878319e-02  6.23871721e-02]
   [ 1.83760356e-02  1.97758041e-02 -6.27672151e-02]
   [ 3.16812145e-03 -1.17697716e-02  6.81799743e-03]]

  [[ 3.14666564e-03  6.59379223e-03 -4.98281904e-02]
   [ 2.59247161e-02  2.82298811e-02 -1.89883250e-03]
   [-5.20560443e-02  8.52225255e-03  4.90643643e-02]]

  [[ 2.98778296e-01  6.14850931e-02  3.24850902e-02]
   [ 1.41389236e-01  3.39474261e-01 -2.67923940e-02]
   [-4.71380092e-02  9.32140946e-02 -1.90058220e-02]]

  ...

  [[-1.11625120e-02  3.85962836e-02 -2.02720915e-03]
   [ 3.45798116e-03  5.76408841e-02  3.03808361e-01]
   [-1.38557740e-02  1.29409526e-02  2.56576613e-02]]

  [[ 6.33717328e-02 -4.05931473e-02 -7.80015998e-03]
   [-1.50637538e-03  3.27215120e-02 -3.26544531e-02]
   [-2.83526164e-02 -2.66017076e-02 -5.62134944e-02]]

  [[-1.72637273e-02  2.76593864e-02 -6.95944065e-03]
   [ 5.80308884e-02 -4.47350219e-02 -8.60463902e-02]
   [ 3.38735245e-02  1.69633701e-02 -7.45367929e-02]]]]

=== conv3.bias (12,) ===
[-0.00531626 -0.00832528 -0.02668976 -0.02360004 -0.06191186 -0.06744958
 -0.07140068 -0.0697323  -0.03355777 -0.03286733 -0.04560705 -0.05030771]

